23
0
152813
149761
106289
196842
149879
175754
146929
147178
223042
239106
113767
50464
72512
300693
105455
83159
135390
85669
281302
174555
227651
134743
152813
0
99925
137259
44734
31641
132724
214539
122993
80948
97602
168897
202694
88532
171099
77333
144570
73810
72155
179775
32946
162096
48928
149761
99925
0
65162
129340
68906
35403
131516
25451
173501
120400
92997
186769
84072
160799
50197
87696
28033
118167
131962
131867
81038
52361
106289
137259
65162
0
176969
113152
76667
77320
48976
217885
183620
31872
131430
69661
225326
60187
26129
72108
117133
190366
169783
128088
91481
196842
44734
129340
176969
0
63977
157154
253471
154417
44562
74444
208842
246971
133146
149756
118636
186995
107682
113738
174039
29668
174225
85532
149879
31641
68906
113152
63977
0
101131
189495
92792
106476
89429
145012
197538
78856
156519
56392
124760
44326
81111
155651
62963
131659
21698
175754
132724
35403
76667
157154
101131
0
123838
28797
201717
132633
95513
207175
115789
155852
83800
102590
63304
152969
114340
163554
52167
86887
146929
214539
131516
77320
253471
189495
123838
0
107335
295011
251369
46260
144996
141337
279241
137491
77683
146561
188222
231419
247102
162656
168000
147178
122993
25451
48976
154417
92792
28797
107335
0
198375
144034
72012
178533
90001
177993
61016
74463
49225
130751
141416
155482
80965
74279
223042
80948
173501
217885
44562
106476
201717
295011
198375
0
105295
249639
273460
166943
175397
158216
225398
150755
137381
209929
50261
217165
127388
239106
97602
120400
183620
74444
89429
132633
251369
144034
105295
0
213119
285932
167269
75661
139136
202276
113860
167374
105139
102076
126579
105276
113767
168897
92997
31872
208842
145012
95513
46260
72012
249639
213119
0
126336
95791
249832
91623
34055
103457
143121
209369
201270
143107
123348
50464
202694
186769
131430
246971
197538
207175
144996
178533
273460
285932
126336
0
118773
343770
148453
105340
177373
136080
318343
225010
259153
180709
72512
88532
84072
69661
133146
78856
115789
141337
90001
166943
167269
95791
118773
0
228319
34889
64130
64604
47600
212215
116683
165012
62336
300693
171099
160799
225326
149756
156519
155852
279241
177993
175397
75661
249832
343770
228319
0
195715
248492
166404
237426
63259
177735
122738
166922
105455
77333
50197
60187
118636
56392
83800
137491
61016
158216
139136
91623
148453
34889
195715
0
68514
30016
69804
177383
109654
131180
35442
83159
144570
87696
26129
186995
124760
102590
77683
74463
225398
202276
34055
105340
64130
248492
68514
0
88538
110576
215798
175803
154183
103373
135390
73810
28033
72108
107682
44326
63304
146561
49225
150755
113860
103457
177373
64604
166404
30016
88538
0
92200
147673
106443
105284
25071
85669
72155
118167
117133
113738
81111
152969
188222
130751
137381
167374
143121
136080
47600
237426
69804
110576
92200
0
233921
89406
197479
76326
281302
179775
131962
190366
174039
155651
114340
231419
141416
209929
105139
209369
318343
212215
63259
177383
215798
147673
233921
0
196982
68833
157756
174555
32946
131867
169783
29668
62963
163554
247102
155482
50261
102076
201270
225010
116683
177735
109654
175803
106443
89406
196982
0
188491
81745
227651
162096
81038
128088
174225
131659
52167
162656
80965
217165
126579
143107
259153
165012
122738
131180
154183
105284
197479
68833
188491
0
124190
134743
48928
52361
91481
85532
21698
86887
168000
74279
127388
105276
123348
180709
62336
166922
35442
103373
25071
76326
157756
81745
124190
0
